99
6 2 0 2 0 2 0
3 1 0 2 0 0 0
122 21 0 77 0 24 0
959 475 0 238 0 246 0
993 390 0 152 0 451 0
4 0 0 3 0 1 0
125 54 0 34 0 37 0
334 1 0 2 0 331 0
258 72 0 110 0 76 0
3 1 0 1 0 1 0
28 8 0 14 0 6 0
644 295 0 67 0 282 0
353 53 0 128 0 172 0
429 131 0 16 0 282 0
5 1 0 2 0 2 0
607 164 0 145 0 298 0
561 210 0 216 0 135 0
143 24 0 51 0 68 0
393 137 0 191 0 65 0
5 2 0 3 0 0 0
999 0 0 499 0 500 0
4 1 0 2 0 1 0
190 92 0 95 0 3 0
1000 334 0 333 0 333 0
724 305 0 247 0 172 0
756 218 0 185 0 353 0
314 127 0 111 0 76 0
963 131 0 812 0 20 0
586 363 0 11 0 212 0
196 62 0 37 0 97 0
881 366 0 196 0 319 0
999 499 0 250 0 250 0
4 2 0 0 0 2 0
526 91 0 193 0 242 0
1000 1 0 499 0 500 0
584 288 0 160 0 136 0
673 310 0 236 0 127 0
261 41 0 103 0 117 0
76 28 0 30 0 18 0
435 54 0 203 0 178 0
834 184 0 208 0 442 0
4 2 0 1 0 1 0
184 46 0 76 0 62 0
1000 499 0 0 0 501 0
952 597 0 95 0 260 0
1000 250 0 250 0 500 0
7 2 0 2 0 3 0
717 331 0 226 0 160 0
6 3 0 0 0 3 0
206 78 0 80 0 48 0
104 36 0 37 0 31 0
707 334 0 177 0 196 0
814 99 0 361 0 354 0
999 499 0 499 0 1 0
598 138 0 230 0 230 0
564 235 0 243 0 86 0
6 1 0 3 0 2 0
411 192 0 132 0 87 0
5 1 0 3 0 1 0
952 259 0 440 0 253 0
163 69 0 35 0 59 0
798 223 0 381 0 194 0
832 154 0 350 0 328 0
4 2 0 2 0 0 0
779 196 0 197 0 386 0
651 270 0 150 0 231 0
575 149 0 150 0 276 0
262 88 0 113 0 61 0
944 106 0 720 0 118 0
521 402 0 55 0 64 0
645 322 0 79 0 244 0
251 74 0 87 0 90 0
366 63 0 149 0 154 0
256 48 0 113 0 95 0
118 43 0 57 0 18 0
606 22 0 296 0 288 0
501 204 0 143 0 154 0
148 68 0 15 0 65 0
170 74 0 13 0 83 0
162 69 0 77 0 16 0
462 186 0 137 0 139 0
173 35 0 76 0 62 0
904 255 0 228 0 421 0
985 342 0 227 0 416 0
658 329 0 224 0 105 0
981 457 0 94 0 430 0
999 333 0 333 0 333 0
952 128 0 372 0 452 0
490 203 0 96 0 191 0
536 263 0 68 0 205 0
663 188 0 305 0 170 0
999 500 0 250 0 249 0
4 1 0 1 0 2 0
1000 500 0 500 0 0 0
418 35 0 1 0 382 0
984 347 0 206 0 431 0
164 64 0 64 0 36 0
3 3 0 0 0 0 0
236 83 0 75 0 78 0
